[1] 50 12
       incarc_rate      pb1064       pw1064      pm1029          pop
 [1,]  1.295009613  0.88215699 -0.955366954  0.16484305 -0.169343828
 [2,]  1.072638309  0.82297749 -0.422622941  1.96998518 -0.803682112
 [3,]  1.345548546 -0.26420861  0.078289279  0.35213910 -0.228536873
 [4,]  0.354985464  0.11673647 -0.350287121 -0.32696131 -0.479215045
 [5,]  0.698650206  0.51839907 -0.483052814  1.53401738  4.571972586
 [6,] -0.332344022 -0.56083615  0.814134081 -0.23495670 -0.299653148
 [7,] -0.039218212 -0.30001620  0.337130935 -1.21597263 -0.313869486
 [8,]  0.819943645  0.40449008 -0.344159829 -0.17355481 -0.783648796
 [9,]  0.951344870  0.08139246 -0.590840438 -2.19113516  1.487486308
[10,]  0.860374791  1.18065357 -1.079912309  1.10100902  0.286405747
[11,] -0.928703428  4.72267386 -4.542977984  0.93047442 -0.702429585
[12,] -0.524391966 -0.97024284  0.912660309  0.71125305 -0.719090153
[13,] -0.079649358  0.28261910 -0.338313148  0.02500284  1.171640328
[14,] -0.190835010 -0.48719708  0.585562026  0.16925602  0.102824291
[15,] -1.039889080 -0.96011443  0.801985181 -0.63551594 -0.403463560
[16,] -0.150403864 -0.50281233  0.356549010 -0.03206464 -0.456782348
[17,] -0.008894852 -0.56385001  0.746775168  0.42062531 -0.237130043
[18,]  1.871153446  1.39066234 -1.559748295  0.84808144 -0.142339324
[19,] -1.252152598 -1.08558455  1.203579143 -0.87203564 -0.683692233
[20,]  1.072638309  1.29405261 -1.206844684 -0.64745847 -0.031524762
[21,] -1.110643586 -0.48858129  0.560927735 -0.33250045  0.174258117
[22,]  1.254578467  0.08730230 -0.072644492 -0.07790981  0.786012584
[23,] -1.717110779 -0.76854152  0.773332437 -0.33291948 -0.108750710
[24,]  0.658219060  1.67532913 -1.947666393  1.15422661 -0.439487037
[25,]  0.456063329 -0.23801658  0.103590477 -0.66555559  0.022798376
[26,] -0.665900978 -0.62060726  0.561567918 -1.18090455 -0.760711943
[27,] -1.029781294 -0.76771921  0.592016091 -0.41138400 -0.619683677
[28,]  2.042985818 -0.08559584  0.342681212 -0.40921025 -0.674757016
[29,] -1.262260384 -1.06863376  1.259179097 -0.93292683 -0.706816770
[30,]  0.294338744  0.37636740 -0.350984398 -1.18560561  0.495883610
[31,] -0.463745247 -0.10411649  0.007645631  0.40415196 -0.627553124
[32,]  0.627895701  0.64415720 -0.694343573 -0.56759280  2.341260934
[33,]  0.233692025  0.81063095 -0.703114201  0.67998248  0.309255061
[34,] -1.767649712 -0.75482816  0.598866170  0.63885147 -0.791987635
[35,]  0.476278902 -0.25302742  0.258179486 -0.52888434  1.063155800
[36,]  1.406195265  0.22454962 -0.292823712 -0.05361881 -0.335874577
[37,] -0.190835010 -0.69816609  0.692377835 -1.30915579 -0.380495006
[38,] -0.595146472 -0.33881543  0.221290611 -1.47483219  1.244983427
[39,] -0.857948922 -0.62596438  0.606224023 -0.32559945 -0.725380847
[40,]  2.113740323  1.32620834 -1.299623842  1.00203793 -0.265087562
[41,] -0.554715326 -0.51711923  0.227934180 -0.10517335 -0.779875280
[42,] -0.352559595  0.15506826 -0.074306296 -0.11314813 -0.015186069
[43,]  0.486386689  0.04183325 -0.051531816  1.35892576  2.217044717
[44,] -1.009565721 -0.83700997  0.717573348  3.86084638 -0.587057445
[45,] -1.262260384 -1.11232691  1.311640089 -0.35969851 -0.804066128
[46,]  0.375201037  0.70729705 -0.448721027  0.74211768  0.225628546
[47,] -0.807409990 -0.30877442  0.444074295 -0.39607608 -0.003197816
[48,] -1.585709554 -0.92311975  1.069687359 -0.86209663 -0.582325510
[49,] -0.938811215 -0.64398618  0.591663808 -0.19465066 -0.014143354
[50,] -0.049325998 -0.89574546  1.032769330  0.08127153 -0.823771626
           avginc      density      shall
 [1,] -0.91200786 -0.368474597 -0.6480741
 [2,]  1.42861594 -0.705974075 -0.6480741
 [3,] -0.55472455 -0.569855040 -0.6480741
 [4,] -1.35765899 -0.517217666 -0.6480741
 [5,]  0.99722797  0.116429621 -0.6480741
 [6,]  0.46251896 -0.572579599 -0.6480741
 [7,]  2.68068520  2.167262962 -0.6480741
 [8,]  1.10785907  0.765386501 -0.6480741
 [9,]  0.35884574  0.333137461  1.5121728
[10,] -0.30215195 -0.225577017  1.5121728
[11,]  1.39069983  0.036537325 -0.6480741
[12,] -1.03064384 -0.656982872  1.5121728
[13,]  0.75231284  0.169469723 -0.6480741
[14,] -0.38356189 -0.048134292  1.5121728
[15,] -0.45174616 -0.498434864 -0.6480741
[16,] -0.11324719 -0.580928783 -0.6480741
[17,] -1.01463883 -0.313863433 -0.6480741
[18,] -1.07203888 -0.297534728 -0.6480741
[19,] -0.52028261 -0.540520345  1.5121728
[20,]  1.53542068  1.395830194 -0.6480741
[21,]  1.59734668  2.534209898 -0.6480741
[22,]  0.05583096 -0.009123532 -0.6480741
[23,]  0.46321380 -0.474464928 -0.6480741
[24,] -1.86175718 -0.476056763  1.5121728
[25,] -0.20787328 -0.392851500 -0.6480741
[26,] -0.92140242 -0.686677477 -0.6480741
[27,] -0.13620531 -0.622484359 -0.6480741
[28,]  0.73943935 -0.660593856 -0.6480741
[29,]  0.75440210 -0.186950332  1.5121728
[30,]  2.08578728  3.737749691 -0.6480741
[31,] -1.18754334 -0.656165122 -0.6480741
[32,]  1.66448870  0.908283657 -0.6480741
[33,] -0.44478829 -0.123010296 -0.6480741
[34,] -1.00454944 -0.671237741  1.5121728
[35,]  0.02069419  0.421592175 -0.6480741
[36,] -0.84764994 -0.514753395 -0.6480741
[37,] -0.12228957 -0.581321336  1.5121728
[38,]  0.46877724  0.419422532  1.5121728
[39,]  0.41937731  3.362670196 -0.6480741
[40,] -0.95619177 -0.209077894 -0.6480741
[41,] -0.76415550 -0.671026626  1.5121728
[42,] -0.57559816 -0.201446414 -0.6480741
[43,] -0.35050962 -0.429548059 -0.6480741
[44,] -1.21641707 -0.618786470  1.5121728
[45,] -0.32685191 -0.450258443  1.5121728
[46,]  0.67299216 -0.037475146 -0.6480741
[47,]  0.60654498 -0.391001919  1.5121728
[48,] -1.37018506 -0.393725207  1.5121728
[49,] -0.15534183 -0.323645904 -0.6480741
[50,] -0.10106854 -0.690221906 -0.6480741
attr(,"scaled:center")
incarc_rate      pb1064      pw1064      pm1029         pop      avginc 
241.8800000   5.1199155  63.8381310  15.0572564   5.0311968  14.0041470 
    density       shall 
  0.1675313   0.3000000 
attr(,"scaled:scale")
incarc_rate      pb1064      pw1064      pm1029         pop      avginc 
 98.9336285   4.1395415   8.2320212   0.7636573   5.5518516   2.1012176 
    density       shall 
  0.2358913   0.4629100 
K-means clustering with 2 clusters of sizes 10, 40

Cluster means:
  incarc_rate     pb1064     pw1064      pm1029        pop     avginc
1  0.04973031  0.6828197 -0.6456394 -0.19587896  0.6198162  1.4231206
2 -0.01243258 -0.1707049  0.1614098  0.04896974 -0.1549541 -0.3557801
     density      shall
1  1.5193830 -0.6480741
2 -0.3798457  0.1620185

Clustering vector:
 [1] 2 2 2 2 1 2 1 1 2 2 1 2 1 2 2 2 2 2 2 1 1 2 2 2 2 2 2 2 2 1 2 1 2 2 2 2 2 2
[39] 1 2 2 2 2 2 2 2 2 2 2 2

Within cluster sum of squares by cluster:
[1]  99.7156 216.5106
 (between_SS / total_SS =  19.3 %)

Available components:

[1] "cluster"      "centers"      "totss"        "withinss"     "tot.withinss"
[6] "betweenss"    "size"         "iter"         "ifault"      
[1] "Group 1"
       Y1   Y2    Y3  X1        X2       X3       X4        X5       X6
5  1089.9 12.7 411.3 311  7.265850 59.86163 16.22872 30.414110 16.09954
7   539.7  5.7 224.4 238  3.877986 66.61340 14.12867  3.288640 19.63685
8   714.3  5.4 214.7 323  6.794319 61.00500 14.92472  0.680495 16.33200
11  241.8  4.0  86.9 150 24.669620 26.44024 15.76782  1.131412 16.92631
13 1039.2 11.3 456.1 234  6.289829 61.05313 15.07635 11.535970 15.58492
20  956.2 11.7 407.1 348 10.476700 53.90336 14.56282  4.856176 17.23040
21  736.1  4.2 194.6 132  3.097413 68.45570 14.80334  5.998652 17.36052
30  634.8  5.2 293.1 271  6.677904 60.94882 14.15186  7.784269 18.38684
32 1163.9 14.2 622.1 304  7.786431 58.12228 14.62381 18.029530 17.50160
39  462.0  3.7 122.9 157  2.528710 68.82858 14.80861  1.003990 14.88535
          X7 X8 X9
5  0.1949960  6  0
7  0.6787698  9  0
8  0.3480793 10  0
11 0.1761501 15  0
13 0.2075077 17  0
20 0.4967955 24  0
21 0.7653294 25  0
30 1.0492340 34  0
32 0.3817875 36  0
39 0.9607560 44  0
[1] "Group 2"
       Y1   Y2    Y3  X1         X2       X3       X4        X5       X6
1   844.2 11.5 152.8 370  8.7716410 55.97353 15.18314  4.091025 12.08782
2   613.9  7.4 113.2 348  8.5266650 60.35909 16.56165  0.569273 17.00598
3   670.7  7.8 165.7 375  4.0262130 64.48261 15.32617  3.762394 12.83855
4   593.3 11.1 135.6 277  5.6031510 60.95456 14.80757  2.370666 11.15141
6   559.3  5.9 107.4 209  2.7983110 70.54010 14.87783  3.367567 14.97600
9  1184.3  9.4 399.8 336  5.4568430 58.97432 13.38398 13.289500 14.75816
10  738.2 12.8 268.2 327 10.0072800 54.94827 15.89805  6.621279 13.36926
12  290.3  1.8  20.7 190  1.1035550 71.35117 15.60041  1.038915 11.83854
14  505.3  7.5 116.0 223  3.1031430 68.65849 15.18651  5.602062 13.19820
15  303.3  2.0  45.0 139  1.1454820 70.44009 14.57194  2.791227 13.05493
16  499.6  6.1 138.4 227  3.0385030 66.77325 15.03277  2.495209 13.76619
17  438.0  6.8  83.1 241  2.7858350 69.98560 15.37847  3.714686 11.87217
18  951.0 16.9 278.9 427 10.8766200 50.99825 15.70490  4.240950 11.75156
19  132.1  1.2  22.7 118  0.6260932 73.74602 14.39132  1.235439 12.91092
22  803.1 10.8 243.3 366  5.4813070 63.24012 14.99776  9.395022 14.12146
23  316.0  3.0  98.0  72  1.9385060 70.20422 14.80302  4.427429 14.97746
24  389.1 12.8 116.3 307 12.0550100 47.80490 15.93869  2.591230 10.09219
25  763.0 10.5 251.1 287  4.1346360 64.69089 14.54900  5.157770 13.56736
26  139.9  2.6  18.6 176  2.5508860 68.46097 14.15545  0.807837 12.06808
27  334.6  3.3  54.0 140  1.9419100 68.71162 14.74310  1.590805 13.71795
28  677.0 11.8 312.5 444  4.7655880 66.65909 14.74476  1.285046 15.55787
29  119.3  3.6  33.0 117  0.6962617 74.20372 14.34482  1.107055 15.58931
31  834.8 10.5 120.3 196  4.6889210 63.90107 15.36589  1.547115 11.50886
33  658.4 11.4 178.0 265  8.4755560 58.05008 15.57653  6.748135 13.06955
34   65.4  1.1   8.0  67  1.9952730 68.76801 15.54512  0.634199 11.89337
35  561.8  7.2 215.2 289  4.0724980 65.96347 14.65337 10.933680 14.04763
36  583.7  7.2 128.9 381  6.0494480 61.42760 15.01631  3.166471 12.22305
37  506.3  4.6 150.1 223  2.2298280 69.53780 14.05751  2.918745 13.74719
38  450.0  6.3 193.9 183  3.7173750 65.65980 13.93099 11.943160 14.98915
40  972.5 11.3 171.1 451 10.6098100 53.13960 15.82247  3.559470 11.99498
41  182.2  1.7  18.8 187  2.9792790 65.71449 14.97694  0.701445 12.39849
42  725.9 11.0 212.9 207  5.7618270 63.22644 14.97085  4.946886 12.79469
43  840.1 15.3 286.5 290  5.2930860 63.41392 16.09501 17.339900 13.26765
44  286.8  2.9  55.1 142  1.6550780 69.74521 18.00562  1.771941 11.44819
45  116.8  2.1  11.8 117  0.5153921 74.63558 14.78257  0.567141 13.31736
46  373.2  9.3 137.6 279  8.0478010 60.14425 15.62398  6.283853 15.41825
47  522.6  4.2 145.5 162  3.8417310 67.49376 14.75479  5.013443 15.27863
48  191.0  6.2  43.3  85  1.2986230 72.64382 14.39891  1.798212 11.12509
49  277.0  4.8 119.0 149  2.4541080 68.70872 14.90861  4.952675 13.67774
50  310.2  3.3  17.2 237  1.4119400 72.33991 15.11932  0.457739 13.79178
          X7 X8 X9
1  0.0806113  1  0
2  0.0009981  2  0
3  0.0331074  4  0
4  0.0455241  5  0
6  0.0324647  8  0
9  0.2461155 12  1
10 0.1143196 13  1
12 0.0125547 16  1
14 0.1561768 18  1
15 0.0499548 19  0
16 0.0304952 20  0
17 0.0934936 21  0
18 0.0973454 22  0
19 0.0400272 23  1
22 0.1653791 26  0
23 0.0556091 27  0
24 0.0552336 28  1
25 0.0748610 29  0
26 0.0055500 30  0
27 0.0206926 31  0
28 0.0117029 32  0
29 0.1234313 33  1
31 0.0127476 35  0
33 0.1385142 37  0
34 0.0091921 38  1
35 0.2669812 39  0
36 0.0461054 40  0
37 0.0304026 41  1
38 0.2664694 42  1
40 0.1182116 45  0
41 0.0092419 46  1
42 0.1200118 47  0
43 0.0662046 48  0
44 0.0215649 49  1
45 0.0613192 50  1
46 0.1586912 51  0
47 0.0752973 53  1
48 0.0746549 54  1
49 0.0911860 55  0
50 0.0047139 56  0

Call:
lm(formula = log(Y1, base = exp(1)) ~ X1 + X2 + X3 + X4 + X5 + 
    X6 + X7 + X9, data = group1)

Residuals:
        5         7         8        11        13        20        21        30 
-0.008669 -0.038307  0.035109 -0.002288  0.048705 -0.038042  0.022243  0.067272 
       32        39 
-0.034038 -0.051986 

Coefficients: (1 not defined because of singularities)
              Estimate Std. Error t value Pr(>|t|)  
(Intercept) -2.655e+01  8.676e+00  -3.060   0.0923 .
X1          -6.734e-04  6.515e-04  -1.034   0.4099  
X2           1.625e+00  3.307e-01   4.915   0.0390 *
X3           8.387e-01  1.678e-01   5.000   0.0378 *
X4          -1.513e+00  2.348e-01  -6.443   0.0232 *
X5           7.857e-02  1.068e-02   7.354   0.0180 *
X6          -3.624e-01  6.136e-02  -5.906   0.0275 *
X7          -1.329e+00  2.061e-01  -6.448   0.0232 *
X9                  NA         NA      NA       NA  
---
Signif. codes:  0 ‘***’ 0.001 ‘**’ 0.01 ‘*’ 0.05 ‘.’ 0.1 ‘ ’ 1

Residual standard error: 0.08798 on 2 degrees of freedom
Multiple R-squared:  0.9926,	Adjusted R-squared:  0.9667 
F-statistic: 38.28 on 7 and 2 DF,  p-value: 0.02569

Start:  AIC=-48.71
log(Y1, base = exp(1)) ~ X1 + X2 + X3 + X4 + X5 + X6 + X7 + X9


Step:  AIC=-48.71
log(Y1, base = exp(1)) ~ X1 + X2 + X3 + X4 + X5 + X6 + X7

       Df Sum of Sq     RSS     AIC
<none>              0.01548 -48.707
- X1    1   0.00827 0.02375 -46.427
- X2    1   0.18699 0.20247 -24.997
- X3    1   0.19348 0.20896 -24.682
- X6    1   0.27002 0.28551 -21.561
- X4    1   0.32138 0.33686 -19.907
- X7    1   0.32183 0.33732 -19.893
- X5    1   0.41858 0.43406 -17.372

Call:
lm(formula = log(Y1, base = exp(1)) ~ X1 + X2 + X3 + X4 + X5 + 
    X6 + X7, data = group1)

Residuals:
        5         7         8        11        13        20        21        30 
-0.008669 -0.038307  0.035109 -0.002288  0.048705 -0.038042  0.022243  0.067272 
       32        39 
-0.034038 -0.051986 

Coefficients:
              Estimate Std. Error t value Pr(>|t|)  
(Intercept) -2.655e+01  8.676e+00  -3.060   0.0923 .
X1          -6.734e-04  6.515e-04  -1.034   0.4099  
X2           1.625e+00  3.307e-01   4.915   0.0390 *
X3           8.387e-01  1.678e-01   5.000   0.0378 *
X4          -1.513e+00  2.348e-01  -6.443   0.0232 *
X5           7.857e-02  1.068e-02   7.354   0.0180 *
X6          -3.624e-01  6.136e-02  -5.906   0.0275 *
X7          -1.329e+00  2.061e-01  -6.448   0.0232 *
---
Signif. codes:  0 ‘***’ 0.001 ‘**’ 0.01 ‘*’ 0.05 ‘.’ 0.1 ‘ ’ 1

Residual standard error: 0.08798 on 2 degrees of freedom
Multiple R-squared:  0.9926,	Adjusted R-squared:  0.9667 
F-statistic: 38.28 on 7 and 2 DF,  p-value: 0.02569


Call:
lm(formula = log(Y1, base = exp(1)) ~ X1 + X2 + X3 + X4 + X5 + 
    X6 + X7 + X9, data = group2)

Residuals:
     Min       1Q   Median       3Q      Max 
-0.90016 -0.23446  0.01662  0.20223  0.87246 

Coefficients:
             Estimate Std. Error t value Pr(>|t|)   
(Intercept)  6.996830   3.612711   1.937  0.06194 . 
X1           0.003247   0.001033   3.143  0.00367 **
X2          -0.033334   0.117423  -0.284  0.77839   
X3          -0.031646   0.055794  -0.567  0.57466   
X4           0.000474   0.105190   0.005  0.99643   
X5           0.061899   0.027877   2.220  0.03383 * 
X6           0.026457   0.056928   0.465  0.64536   
X7          -0.587430   1.571445  -0.374  0.71109   
X9          -0.246817   0.152057  -1.623  0.11468   
---
Signif. codes:  0 ‘***’ 0.001 ‘**’ 0.01 ‘*’ 0.05 ‘.’ 0.1 ‘ ’ 1

Residual standard error: 0.4018 on 31 degrees of freedom
Multiple R-squared:  0.7215,	Adjusted R-squared:  0.6496 
F-statistic: 10.04 on 8 and 31 DF,  p-value: 8.913e-07

Start:  AIC=-65.14
log(Y1, base = exp(1)) ~ X1 + X2 + X3 + X4 + X5 + X6 + X7 + X9

       Df Sum of Sq    RSS     AIC
- X4    1   0.00000 5.0053 -67.135
- X2    1   0.01301 5.0183 -67.031
- X7    1   0.02256 5.0279 -66.955
- X6    1   0.03487 5.0402 -66.857
- X3    1   0.05195 5.0573 -66.722
<none>              5.0053 -65.135
- X9    1   0.42541 5.4307 -63.872
- X5    1   0.79607 5.8014 -61.231
- X1    1   1.59471 6.6000 -56.072

Step:  AIC=-67.14
log(Y1, base = exp(1)) ~ X1 + X2 + X3 + X5 + X6 + X7 + X9

       Df Sum of Sq    RSS     AIC
- X2    1   0.01587 5.0212 -69.008
- X7    1   0.02729 5.0326 -68.918
- X6    1   0.03743 5.0428 -68.837
- X3    1   0.05846 5.0638 -68.671
<none>              5.0053 -67.135
- X9    1   0.42912 5.4344 -65.845
+ X4    1   0.00000 5.0053 -65.135
- X5    1   0.84628 5.8516 -62.887
- X1    1   1.60653 6.6119 -58.001

Step:  AIC=-69.01
log(Y1, base = exp(1)) ~ X1 + X3 + X5 + X6 + X7 + X9

       Df Sum of Sq    RSS     AIC
- X6    1   0.02384 5.0450 -70.819
- X7    1   0.03171 5.0529 -70.757
- X3    1   0.15124 5.1724 -69.821
<none>              5.0212 -69.008
- X9    1   0.41709 5.4383 -67.817
+ X2    1   0.01587 5.0053 -67.135
+ X4    1   0.00286 5.0183 -67.031
- X5    1   0.98779 6.0090 -63.825
- X1    1   1.59273 6.6139 -59.988

Step:  AIC=-70.82
log(Y1, base = exp(1)) ~ X1 + X3 + X5 + X7 + X9

       Df Sum of Sq    RSS     AIC
- X7    1   0.02293 5.0680 -72.638
- X3    1   0.12746 5.1725 -71.821
<none>              5.0450 -70.819
- X9    1   0.44260 5.4876 -69.455
+ X6    1   0.02384 5.0212 -69.008
+ X4    1   0.00416 5.0409 -68.852
+ X2    1   0.00228 5.0428 -68.837
- X5    1   1.02498 6.0700 -65.421
- X1    1   1.78583 6.8309 -60.697

Step:  AIC=-72.64
log(Y1, base = exp(1)) ~ X1 + X3 + X5 + X9

       Df Sum of Sq    RSS     AIC
- X3    1   0.12158 5.1895 -73.689
<none>              5.0680 -72.638
+ X7    1   0.02293 5.0450 -70.819
+ X6    1   0.01505 5.0529 -70.757
- X9    1   0.51800 5.5860 -70.745
+ X2    1   0.00528 5.0627 -70.679
+ X4    1   0.00004 5.0679 -70.638
- X5    1   1.72071 6.7887 -62.945
- X1    1   1.77894 6.8469 -62.603

Step:  AIC=-73.69
log(Y1, base = exp(1)) ~ X1 + X5 + X9

       Df Sum of Sq     RSS     AIC
<none>               5.1895 -73.689
+ X3    1    0.1216  5.0680 -72.638
+ X2    1    0.0921  5.0974 -72.406
- X9    1    0.4585  5.6480 -72.303
+ X7    1    0.0170  5.1725 -71.821
+ X4    1    0.0089  5.1807 -71.758
+ X6    1    0.0007  5.1888 -71.695
- X5    1    1.8754  7.0650 -63.349
- X1    1    4.9359 10.1254 -48.953

Call:
lm(formula = log(Y1, base = exp(1)) ~ X1 + X5 + X9, data = group2)

Residuals:
     Min       1Q   Median       3Q      Max 
-0.82519 -0.25221  0.02294  0.23736  0.92118 

Coefficients:
              Estimate Std. Error t value Pr(>|t|)    
(Intercept)  4.9498555  0.1924436  25.721  < 2e-16 ***
X1           0.0038933  0.0006654   5.852  1.1e-06 ***
X5           0.0601565  0.0166780   3.607 0.000932 ***
X9          -0.2431466  0.1363435  -1.783 0.082964 .  
---
Signif. codes:  0 ‘***’ 0.001 ‘**’ 0.01 ‘*’ 0.05 ‘.’ 0.1 ‘ ’ 1

Residual standard error: 0.3797 on 36 degrees of freedom
Multiple R-squared:  0.7112,	Adjusted R-squared:  0.6872 
F-statistic: 29.56 on 3 and 36 DF,  p-value: 8.114e-10

