Importance of components:
                          Comp.1    Comp.2    Comp.3     Comp.4     Comp.5
Standard deviation     2.1900990 1.4571776 1.1857139 0.98576529 0.89912614
Proportion of Variance 0.3997112 0.1769472 0.1171598 0.08097777 0.06736898
Cumulative Proportion  0.3997112 0.5766584 0.6938182 0.77479592 0.84216490
                           Comp.6     Comp.7     Comp.8     Comp.9   Comp.10
Standard deviation     0.84628852 0.68108832 0.57426442 0.43785112 0.3508982
Proportion of Variance 0.05968369 0.03865678 0.02748163 0.01597613 0.0102608
Cumulative Proportion  0.90184859 0.94050537 0.96798700 0.98396313 0.9942239
                           Comp.11      Comp.12
Standard deviation     0.251574929 0.0776073550
Proportion of Variance 0.005274162 0.0005019085
Cumulative Proportion  0.999498092 1.0000000000

Loadings:
            Comp.1 Comp.2 Comp.3 Comp.4 Comp.5 Comp.6 Comp.7 Comp.8 Comp.9
vio         -0.408        -0.251                      -0.142         0.319
mur         -0.381  0.184 -0.287                0.165        -0.132  0.294
rob         -0.393 -0.223 -0.216  0.119                       0.117  0.353
incarc_rate -0.348  0.177 -0.130 -0.271 -0.102  0.278 -0.402  0.392 -0.586
pb1064      -0.311  0.269  0.449  0.255         0.139  0.172              
pw1064       0.314 -0.278 -0.415 -0.247 -0.123 -0.180 -0.180  0.118       
pm1029              0.467         0.218 -0.207 -0.713 -0.392         0.106
pop         -0.280 -0.180 -0.381  0.298  0.174 -0.389  0.380 -0.162 -0.542
avginc      -0.175 -0.485  0.332               -0.230         0.657  0.106
density     -0.138 -0.488  0.288  0.191 -0.139        -0.552 -0.516 -0.153
stateid      0.182        -0.225  0.658 -0.561  0.324         0.210       
shall        0.230        -0.166  0.405  0.739  0.156 -0.387  0.140       
            Comp.10 Comp.11 Comp.12
vio          0.607   0.508         
mur         -0.731   0.236  -0.104 
rob                 -0.753   0.102 
incarc_rate                        
pb1064                       0.706 
pw1064      -0.167           0.677 
pm1029                             
pop                                
avginc      -0.189   0.257  -0.137 
density                            
stateid      0.112                 
shall                              

               Comp.1 Comp.2 Comp.3 Comp.4 Comp.5 Comp.6 Comp.7 Comp.8 Comp.9
SS loadings     1.000  1.000  1.000  1.000  1.000  1.000  1.000  1.000  1.000
Proportion Var  0.083  0.083  0.083  0.083  0.083  0.083  0.083  0.083  0.083
Cumulative Var  0.083  0.167  0.250  0.333  0.417  0.500  0.583  0.667  0.750
               Comp.10 Comp.11 Comp.12
SS loadings      1.000   1.000   1.000
Proportion Var   0.083   0.083   0.083
Cumulative Var   0.833   0.917   1.000
[1] "Covariance"
                    vio          mur        rob incarc_rate     pb1064
vio          1.00000000  0.797923966  0.8691368  0.71223541  0.3805865
mur          0.79792397  1.000000000  0.7129145  0.74379689  0.5055720
rob          0.86913681  0.712914492  1.0000000  0.55603494  0.3556401
incarc_rate  0.71223541  0.743796891  0.5560349  1.00000000  0.4642568
pb1064       0.38058651  0.505571991  0.3556401  0.46425675  1.0000000
pw1064      -0.40777066 -0.517607928 -0.3741323 -0.47210229 -0.9862441
pm1029       0.02525744  0.212065329 -0.1148073  0.15555356  0.3042905
pop          0.61990162  0.518868134  0.7237271  0.26700344  0.1531667
avginc       0.26629925 -0.033323839  0.4847849  0.04775068  0.1964468
density      0.25254069 -0.009735878  0.3831434  0.01224970  0.1041504
stateid     -0.33031252 -0.190161974 -0.2134034 -0.31705148 -0.2711156
shall       -0.40556233 -0.333570304 -0.3119954 -0.37619128 -0.2717698
                 pw1064      pm1029         pop      avginc      density
vio         -0.40777066  0.02525744  0.61990162  0.26629925  0.252540694
mur         -0.51760793  0.21206533  0.51886813 -0.03332384 -0.009735878
rob         -0.37413235 -0.11480731  0.72372705  0.48478495  0.383143372
incarc_rate -0.47210229  0.15555356  0.26700344  0.04775068  0.012249702
pb1064      -0.98624410  0.30429046  0.15316672  0.19644682  0.104150382
pw1064       1.00000000 -0.27901729 -0.17370306 -0.13346212 -0.095809288
pm1029      -0.27901729  1.00000000  0.03066936 -0.28063186 -0.298392660
pop         -0.17370306  0.03066936  1.00000000  0.29346519  0.194790393
avginc      -0.13346212 -0.28063186  0.29346519  1.00000000  0.640167860
density     -0.09580929 -0.29839266  0.19479039  0.64016786  1.000000000
stateid      0.28461835 -0.02354754 -0.09349342 -0.20046464 -0.031327366
shall        0.24803185 -0.03825346 -0.14797212 -0.29601008 -0.227443992
                stateid       shall
vio         -0.33031252 -0.40556233
mur         -0.19016197 -0.33357030
rob         -0.21340336 -0.31199543
incarc_rate -0.31705148 -0.37619128
pb1064      -0.27111563 -0.27176977
pw1064       0.28461835  0.24803185
pm1029      -0.02354754 -0.03825346
pop         -0.09349342 -0.14797212
avginc      -0.20046464 -0.29601008
density     -0.03132737 -0.22744399
stateid      1.00000000  0.21285976
shall        0.21285976  1.00000000
[1] "Eigen Values"
 [1] 4.796533848 2.123366552 1.405917411 0.971733209 0.808427809 0.716204251
 [7] 0.463881300 0.329779620 0.191713603 0.123129550 0.063289945 0.006022902
[1] "Eigen Vectore"
             [,1]        [,2]        [,3]        [,4]        [,5]        [,6]
 [1,] -0.40821495 -0.06758555 -0.25095535 -0.09675452  0.01262599  0.03071784
 [2,] -0.38085190  0.18425493 -0.28720120  0.02288351 -0.06999329  0.16503168
 [3,] -0.39311898 -0.22337794 -0.21600977  0.11949335  0.09487544  0.02565067
 [4,] -0.34843059  0.17739983 -0.12952758 -0.27119290 -0.10177927  0.27759871
 [5,] -0.31072736  0.26878636  0.44929370  0.25474751  0.08101289  0.13871822
 [6,]  0.31382234 -0.27780175 -0.41480644 -0.24734161 -0.12298777 -0.18023776
 [7,] -0.05623327  0.46668264  0.02641075  0.21826629 -0.20719380 -0.71293001
 [8,] -0.27959628 -0.17987113 -0.38111314  0.29818592  0.17391088 -0.38945755
 [9,] -0.17530561 -0.48535976  0.33202249  0.07258898  0.03451152 -0.22979582
[10,] -0.13820105 -0.48816249  0.28795418  0.19090082 -0.13864907  0.01715134
[11,]  0.18204468 -0.03478961 -0.22456891  0.65842657 -0.56097716  0.32381130
[12,]  0.23026487  0.07389618 -0.16624549  0.40549186  0.73865271  0.15643891
             [,7]        [,8]        [,9]        [,10]       [,11]
 [1,] -0.14193965 -0.07687055  0.31882387  0.607436522  0.50824679
 [2,] -0.03556451 -0.13170444  0.29383488 -0.730948108  0.23618318
 [3,]  0.01227892  0.11665498  0.35323721  0.096463732 -0.75282668
 [4,] -0.40170936  0.39239663 -0.58643705  0.022617328 -0.09806251
 [5,]  0.17224495  0.01028797 -0.02773809 -0.006637791  0.09506371
 [6,] -0.18047726  0.11789942  0.05217366 -0.167183820  0.08669633
 [7,] -0.39209091  0.08600866  0.10616690  0.027696661 -0.07554610
 [8,]  0.38033227 -0.16233008 -0.54173719 -0.024908134  0.09010937
 [9,]  0.02836382  0.65684235  0.10561190 -0.188937671  0.25733860
[10,] -0.55188848 -0.51599210 -0.15250737 -0.092825408 -0.02141438
[11,]  0.03144148  0.20971246 -0.01055368  0.112035025  0.06434439
[12,] -0.38738209  0.14049078  0.02369870 -0.025905270  0.09130295
              [,12]
 [1,]  0.0187401429
 [2,] -0.1041238698
 [3,]  0.1018460799
 [4,] -0.0008060239
 [5,]  0.7064069025
 [6,]  0.6773675099
 [7,] -0.0251089543
 [8,]  0.0128476332
 [9,] -0.1373598789
[10,]  0.0236012018
[11,] -0.0192935352
[12,] -0.0019449810
[1] 1
[1] 2
[1] 3
[1] 4
[1] 5
[1] 6
[1] 7
[1] 8
[1] 9
[1] 10
[1] 11
[1] 12
           scores        score        score        score        score
 [1,] -2.01076168  0.503422850  0.048577232 -0.165888303  0.038070573
 [2,] -1.19798345  0.416097106  0.267584344 -0.136037598  0.004985722
 [3,] -0.78609812  0.281294563 -0.040258910 -0.205665955  0.015752669
 [4,] -0.54286574  0.390396314 -0.010144962 -0.178379289  0.026251812
 [5,] -4.54628840 -0.168930772 -0.304973106  0.073434328  0.079550223
 [6,]  0.56220070 -0.122644046  0.027013412 -0.178084664  0.019285817
 [7,] -0.78797506 -0.997272279  0.300738678 -0.101551241  0.019247315
 [8,] -1.15685205 -0.219116398  0.239566567 -0.123293447  0.008405591
 [9,] -2.58573121 -0.486594113 -0.225540071 -0.013635136  0.206365187
[10,] -1.98121544  0.517297931 -0.016838098  0.062268311  0.134779947
[11,] -2.01830863  0.707916088  0.995826935  0.193376993  0.062787307
[12,]  2.75025819  0.274626345 -0.032583287 -0.064381780  0.097780160
[13,] -2.87709065 -0.290697767 -0.128471863 -0.003293568  0.031945244
[14,]  0.87708070  0.058937310 -0.099786615 -0.007938476  0.109879483
[15,]  2.17772462 -0.129445585  0.044245701 -0.137179873 -0.006349682
[16,]  0.58188486  0.039968581  0.006414082 -0.116581352 -0.017526888
[17,]  0.91135361  0.200239188 -0.065245924 -0.115028321 -0.040260743
[18,] -3.38426995  0.725722842 -0.052785450 -0.032013181 -0.029542362
[19,]  3.46237058 -0.128249907 -0.008042476 -0.047156008  0.107523210
[20,] -3.49673514 -0.369162870  0.169080289  0.020167045 -0.003306381
[21,] -0.18850362 -0.912993444  0.181629979  0.012885467 -0.035437915
[22,] -1.80607728 -0.001230500 -0.136590207 -0.050122739 -0.025084358
[23,]  1.90210475 -0.282912117  0.063038615 -0.047640423 -0.019066997
[24,] -0.69788019  1.038211813  0.091328955  0.128961211  0.082439076
[25,] -0.92222994 -0.039592714 -0.143231445 -0.072741512 -0.027609571
[26,]  2.48779013  0.006749076  0.061507901 -0.111733219 -0.034439918
[27,]  2.00450612 -0.076292571  0.048838117 -0.075144876 -0.043212771
[28,] -1.55228815  0.003191990 -0.123949342 -0.111596272 -0.057576125
[29,]  3.09335371 -0.363250285  0.026630740  0.013790348  0.076012543
[30,] -1.68562643 -1.119475337  0.296748876  0.091491012 -0.047366718
[31,]  0.02917537  0.367669273 -0.115296250 -0.037669672 -0.069717667
[32,] -4.64308624 -0.661007388 -0.227531429  0.137596683  0.004314285
[33,] -1.20228273  0.331736020 -0.007702607  0.058885539 -0.061954115
[34,]  3.71991131  0.241213982  0.030172110  0.084269259  0.049189443
[35,] -0.51534316 -0.267780766 -0.115477908  0.021980707 -0.052593009
[36,] -0.27105492  0.333220060 -0.043767489 -0.040736470 -0.079056474
[37,]  1.65801378 -0.187267361 -0.141439721  0.028447367  0.072006393
[38,]  0.64384032 -0.490392023 -0.122095969  0.145642635  0.095603120
[39,]  0.99922196 -0.773611482  0.214973427  0.066311326 -0.123252090
[40,] -2.28770013  0.672327468 -0.024174079  0.041729061 -0.104190122
[41,]  2.93697344  0.203866570  0.010662826  0.083256023  0.034995974
[42,] -0.46776447  0.089931036 -0.122502914  0.055376137 -0.084329146
[43,] -2.21531887  0.225181959 -0.379073503  0.139083430 -0.086310941
[44,]  2.81123204  0.720871853 -0.103205547  0.183710517 -0.041519651
[45,]  3.75235602 -0.101426257 -0.062855996  0.079839132  0.016141036
[46,] -0.44551669  0.144888515  0.080489541  0.120991530 -0.107092218
[47,]  1.52804148 -0.207191044 -0.075672967  0.157004889  0.037874793
[48,]  3.33805681  0.012538851 -0.175054082  0.109520371  0.015450173
[49,]  1.73544333 -0.131790694 -0.054391196  0.070405008 -0.109031506
[50,]  2.30995453  0.020810139 -0.046384916 -0.006930956 -0.140809730
              score         score         score         score         score
 [1,]  0.0212317944 -5.362097e-03 -0.0187186894 -0.0031746266  5.821065e-04
 [2,] -0.1074144524 -2.895231e-02  0.0418949382  0.0024663202 -1.664346e-03
 [3,] -0.0208124565 -1.598391e-02  0.0016114693 -0.0071477330  1.806916e-03
 [4,]  0.0300142555  1.176596e-02 -0.0301025553  0.0024712642 -4.213117e-03
 [5,] -0.2011932737  3.820877e-02 -0.0082565130 -0.0173016388  5.163792e-05
 [6,] -0.0504893625  1.708578e-02  0.0058170043  0.0042975823 -1.071384e-03
 [7,] -0.0184527404 -2.578029e-02  0.0101788370  0.0009615080 -6.569177e-03
 [8,] -0.0009921796 -2.745025e-02  0.0127169655  0.0008958536  3.980883e-03
 [9,]  0.0911868660  2.875796e-03 -0.0029733900 -0.0022438031  8.990991e-03
[10,] -0.0049654756 -3.727407e-02  0.0014680097  0.0044953950 -4.004226e-03
[11,] -0.0045895597  7.433577e-02  0.0020395527 -0.0001364830  2.765894e-03
[12,] -0.0507591873 -3.276958e-02 -0.0034277562 -0.0032654485  3.206727e-03
[13,] -0.0437033940  2.039153e-02 -0.0028856994  0.0167772856  3.148843e-03
[14,] -0.0202657447 -2.964038e-02 -0.0062343118 -0.0009333572 -3.364071e-03
[15,] -0.0291734584  3.544252e-02 -0.0130504103 -0.0022778624  2.419024e-03
[16,] -0.0208241511  1.386927e-02  0.0024795701  0.0033135994  4.732045e-04
[17,] -0.0345293757 -2.075584e-03 -0.0166760948 -0.0038324650 -1.552791e-03
[18,]  0.0587942267 -2.116371e-02 -0.0111268118  0.0045955507 -2.926151e-03
[19,]  0.0049101857  4.618063e-03 -0.0023892002 -0.0019571964 -8.354422e-04
[20,]  0.0597160246 -1.839956e-02  0.0096611387  0.0090276478 -1.394168e-04
[21,] -0.0615970909 -2.950903e-02 -0.0218869479  0.0062169286  2.674883e-03
[22,]  0.0080412899 -1.543761e-03  0.0042406422 -0.0076059985 -5.368165e-04
[23,] -0.0613192435  4.883491e-02 -0.0010564706  0.0072148876 -8.319389e-05
[24,]  0.0624867666 -2.460836e-02 -0.0213059134 -0.0032129717 -6.674175e-03
[25,]  0.0427080750  1.531755e-02  0.0004881700  0.0058819142 -1.243419e-04
[26,]  0.0412979829  4.431659e-02 -0.0110992556 -0.0078693290 -8.579022e-05
[27,] -0.0144529792  3.430778e-02 -0.0008686612  0.0028667415  1.636116e-03
[28,]  0.0695567066 -1.803238e-02  0.0470670694  0.0023786596 -5.087849e-03
[29,]  0.0086937829 -1.213814e-03  0.0184093675  0.0025152272 -7.674756e-03
[30,]  0.0252397913 -4.514566e-02 -0.0153072784 -0.0113484621 -5.287048e-04
[31,]  0.0157480403  8.069702e-03 -0.0206491926  0.0165963507  3.468849e-03
[32,] -0.0014595648  2.477972e-02  0.0112361436  0.0105802965  9.734496e-04
[33,]  0.0020636994  1.088989e-02 -0.0097621999  0.0014085177 -2.215986e-03
[34,] -0.0365566727 -1.206128e-03 -0.0071613898  0.0032881116  1.355641e-03
[35,]  0.0079429646  1.544225e-02 -0.0036023071 -0.0139623501  3.235109e-04
[36,]  0.0626982624 -2.615637e-03  0.0083267499 -0.0129520874  4.469808e-03
[37,]  0.0791865175  6.086602e-05  0.0177570760  0.0006654809  3.487936e-03
[38,]  0.0444167973  1.981639e-02  0.0004477486 -0.0093161218 -2.349415e-03
[39,]  0.0052739881 -6.274310e-02 -0.0412516720 -0.0010946639  2.586790e-04
[40,]  0.0691043918 -3.091011e-02  0.0052339737 -0.0073217497  8.086788e-03
[41,]  0.0376123016 -6.238214e-03  0.0098359870 -0.0066129182  3.679720e-03
[42,]  0.0392787493  2.044564e-02 -0.0116140404  0.0115365983 -9.444672e-06
[43,] -0.0638753334  1.878578e-02 -0.0037888787 -0.0024673566 -5.020236e-03
[44,] -0.1582051219 -7.000303e-02  0.0060624989  0.0074512376  5.234566e-03
[45,]  0.0182013222 -6.118186e-03  0.0112906081  0.0003092774 -1.386851e-03
[46,] -0.0061170776  1.040356e-02  0.0213566530 -0.0066049624 -6.448671e-03
[47,]  0.0254756926  3.369672e-03  0.0261995473  0.0047201659  4.235888e-03
[48,]  0.0684780480  9.095899e-03 -0.0178401951  0.0057871678 -4.656805e-03
[49,]  0.0002938658  3.570657e-02  0.0030022686 -0.0005082326 -4.266356e-04
[50,]  0.0120955065  6.502952e-03  0.0242138455 -0.0055717518  2.337729e-03
              score         score
 [1,]  1.448068e-03  1.100394e-05
 [2,]  1.858742e-03  7.196081e-06
 [3,] -1.335849e-03 -2.987973e-05
 [4,] -5.431262e-04 -3.378681e-05
 [5,]  8.790258e-04  2.139039e-05
 [6,]  1.600137e-03  4.845798e-05
 [7,]  6.564444e-04 -8.374773e-05
 [8,] -5.473403e-04  1.571212e-05
 [9,]  1.000344e-03 -6.312608e-05
[10,] -3.937584e-04  4.170790e-05
[11,] -8.094245e-05  2.785851e-05
[12,] -9.276260e-04  2.606336e-05
[13,] -2.168847e-03  2.884416e-05
[14,]  1.258366e-03  3.187399e-05
[15,] -7.868569e-04 -1.956137e-05
[16,] -8.081339e-04 -5.124500e-05
[17,] -7.109484e-04  8.905081e-05
[18,] -1.569332e-04 -3.966825e-05
[19,] -6.868726e-04  7.016221e-05
[20,] -1.020276e-03  2.166849e-05
[21,]  2.202613e-03  1.571047e-06
[22,]  4.829591e-04  3.628718e-06
[23,] -1.121488e-04 -2.219015e-05
[24,] -1.152933e-03 -5.961508e-05
[25,] -2.683102e-04 -3.200063e-05
[26,] -1.775726e-03  2.415926e-05
[27,]  1.302141e-04 -6.992092e-05
[28,] -2.243508e-03  3.014920e-05
[29,]  1.585812e-03 -2.171839e-05
[30,] -9.534053e-04  8.322660e-06
[31,]  2.998807e-03 -2.256797e-05
[32,] -3.210516e-03  1.726860e-05
[33,]  9.742995e-04  2.231363e-05
[34,] -1.708943e-03 -2.262856e-05
[35,] -1.094689e-03  2.969563e-05
[36,] -6.612311e-04  1.116112e-05
[37,]  5.614996e-04  2.034546e-05
[38,]  9.508036e-04 -3.584461e-05
[39,] -1.951277e-04  1.113026e-05
[40,]  2.144724e-03  3.187318e-05
[41,] -6.530283e-04 -7.710373e-05
[42,]  8.792878e-04  3.477890e-05
[43,]  1.330381e-03 -4.349581e-05
[44,] -2.199950e-03 -3.983209e-05
[45,]  3.997557e-04  4.498127e-05
[46,]  6.912400e-04 -1.270652e-05
[47,]  2.189581e-03  1.350806e-05
[48,]  4.756169e-04  7.109156e-05
[49,] -1.267292e-03 -2.980626e-05
[50,]  9.655970e-04 -6.522823e-06

